ONSConstID,ConstituencyName,RegNationID,RegNationName,Con_num,Con_pc / Electric only,Con_pc / Mains gas only,Con_pc / No central heating,Con_pc / Oil only,Con_pc / Other,Con_pc / Tank or bottled gas only,Con_pc / Two or more types of central heating
E14001063,Aldershot,E12000008,South East,3967,0.102207013,0.780359966,0.011912239,0.001061272,0.013688246,0.00485153,0.085919733
E14001064,Aldridge-Brownhills,E12000005,West Midlands,3089,0.048870071,0.845176759,0.011044228,0.001071265,0.010942203,0.004106514,0.078788961
E14001065,Altrincham & Sale West,E12000002,North West,2851,0.071414553,0.834453658,0.009788529,0.001717286,0.010524508,0.002158873,0.069942594
E14001066,Amber Valley,E12000004,East Midlands,3877,0.045498404,0.822286548,0.009747891,0.006877953,0.015091912,0.004577055,0.095920236
E14001067,Arundel & South Downs,E12000008,South East,4980,0.08019973,0.596469224,0.011666706,0.137184372,0.024611307,0.032018364,0.117850297
E14001068,Ashfield,E12000004,East Midlands,3663,0.031659949,0.837522902,0.006522536,0.005789667,0.024673262,0.004348357,0.089483327
E14001069,Ashford,E12000008,South East,4193,0.071915949,0.736371149,0.011002243,0.052673828,0.016928344,0.012111911,0.098996577
E14001070,Ashton-under-Lyne,E12000002,North West,3879,0.059965896,0.811671088,0.016104585,0.001136794,0.016530883,0.00272357,0.091867185
E14001071,Aylesbury,E12000008,South East,3749,0.09739099,0.742651551,0.010589912,0.035955921,0.016789989,0.011789197,0.08483244
E14001072,Banbury,E12000008,South East,4067,0.101180676,0.633096571,0.01154805,0.120443106,0.023401853,0.014676137,0.095653606
E14001073,Barking,E12000007,London,4063,0.134617109,0.691041966,0.022170911,0.001008788,0.053331241,0.006747669,0.091082317
E14001074,Barnsley North,E12000003,Yorkshire and The Humber,4301,0.035854841,0.826009437,0.00713183,0.001761214,0.0312235,0.004500881,0.093518297
E14001075,Barnsley South,E12000003,Yorkshire and The Humber,4280,0.03537205,0.825669389,0.007417412,0.002315261,0.033078226,0.004394709,0.091752953
E14001076,Barrow & Furness,E12000002,North West,4460,0.036976884,0.78063052,0.026542372,0.030302356,0.015996618,0.01032327,0.09922798
E14001077,Basildon & Billericay,E12000006,East of England,3499,0.073735471,0.811228006,0.009280103,0.00209032,0.01582671,0.007465429,0.080373961
E14001078,Basingstoke,E12000008,South East,3871,0.089915985,0.781560533,0.009739619,0.01443394,0.014104898,0.005330467,0.084914559
E14001079,Bassetlaw,E12000004,East Midlands,4055,0.03962954,0.781183631,0.008057277,0.041315438,0.029338997,0.011691809,0.088783307
E14001080,Bath,E12000009,South West,3390,0.121784365,0.752820732,0.012090548,0.0087413,0.019335376,0.0047032,0.080524478
E14001081,Battersea,E12000007,London,4234,0.175695492,0.633588906,0.023336685,0.00159209,0.072272499,0.004818167,0.088696162
E14001082,Beaconsfield,E12000008,South East,3409,0.065167053,0.798061019,0.008320822,0.018092063,0.013308227,0.010305606,0.08674521
E14001083,Beckenham & Penge,E12000007,London,3281,0.090526996,0.795193448,0.016898373,0.000948378,0.022653303,0.003060675,0.070718827
E14001084,Bedford,E12000006,East of England,3587,0.131438127,0.747023411,0.015050167,0.003946488,0.017658863,0.00490524,0.079977703
E14001085,Bermondsey & Old Southwark,E12000007,London,4015,0.270535733,0.472712865,0.035388818,0.001146956,0.127541551,0.00894626,0.083727817
E14001086,Bethnal Green & Stepney,E12000007,London,4052,0.233134018,0.551757009,0.030373933,0.001624854,0.089280298,0.006044456,0.087785433
E14001087,Beverley & Holderness,E12000003,Yorkshire and The Humber,3972,0.043513034,0.748294219,0.009422409,0.059933518,0.02021944,0.01934468,0.0992727
E14001088,Bexhill & Battle,E12000008,South East,4285,0.097820401,0.659310001,0.013625607,0.086835222,0.018757006,0.016913688,0.106738074
E14001089,Bexleyheath & Crayford,E12000007,London,2882,0.073829041,0.815308785,0.016447455,0.000474446,0.014760537,0.003215688,0.075964048
E14001090,Bicester & Woodstock,E12000008,South East,3889,0.079422645,0.69389038,0.009477527,0.083484442,0.024322429,0.015376804,0.094025773
E14001091,Birkenhead,E12000002,North West,3753,0.059781815,0.821697503,0.017396383,0.00102209,0.018293319,0.003525166,0.078283724
E14001092,Birmingham Edgbaston,E12000005,West Midlands,3561,0.116666667,0.74549675,0.021982358,0.000812442,0.027228412,0.005153203,0.082660167
E14001093,Birmingham Erdington,E12000005,West Midlands,4123,0.101323994,0.760709369,0.025973763,0.000303668,0.023301482,0.004919427,0.083468297
E14001094,Birmingham Hall Green & Moseley,E12000005,West Midlands,3253,0.081138094,0.77837518,0.023487343,0.001440626,0.027397613,0.00447623,0.083684915
E14001095,Birmingham Hodge Hill & Solihull North,E12000005,West Midlands,3670,0.067474615,0.786884095,0.02131393,0.000444528,0.032754668,0.005264143,0.085864021
E14001096,Birmingham Ladywood,E12000005,West Midlands,4574,0.327620476,0.494018376,0.035758485,0.000675042,0.049240578,0.006919182,0.08576786
E14001097,Birmingham Northfield,E12000005,West Midlands,3771,0.084341058,0.788004046,0.019392287,0.000307814,0.020909371,0.004133503,0.082911921
E14001098,Birmingham Perry Barr,E12000005,West Midlands,3922,0.073286352,0.760824376,0.024082336,0.000811194,0.035768607,0.005805111,0.099422024
E14001099,Birmingham Selly Oak,E12000005,West Midlands,3400,0.083683829,0.793449359,0.019651922,0.000386754,0.017065506,0.003577472,0.082185158
E14001100,Birmingham Yardley,E12000005,West Midlands,3284,0.070454372,0.789424225,0.025321921,0.000380972,0.026693419,0.00431768,0.083407411
E14001101,Bishop Auckland,E12000001,North East,5668,0.037980015,0.692790115,0.008330798,0.078183137,0.03849484,0.011583554,0.13263754
E14001102,Blackburn,E12000002,North West,4046,0.049279174,0.805712017,0.017716682,0.00166249,0.021612367,0.003622739,0.100394531
E14001103,Blackley & Middleton South,E12000002,North West,4113,0.082605714,0.766262857,0.018605714,0.000617143,0.032297143,0.0056,0.094011429
E14001104,Blackpool North & Fleetwood,E12000002,North West,3531,0.063326279,0.826222495,0.01467677,0.00213894,0.009374929,0.003913805,0.080346781
E14001105,Blackpool South,E12000002,North West,4289,0.099241861,0.769722686,0.025680214,0.00096527,0.01506224,0.003076799,0.08625093
E14001106,Blaydon & Consett,E12000001,North East,4401,0.028728196,0.836520031,0.00553479,0.006565076,0.013561434,0.00364194,0.105448534
E14001107,Blyth & Ashington,E12000001,North East,4774,0.030220074,0.822400924,0.006309216,0.009132322,0.022456531,0.007378574,0.102102359
E14001108,Bognor Regis & Littlehampton,E12000008,South East,3652,0.113701267,0.770587862,0.016224906,0.003215366,0.012184545,0.006832653,0.0772534
E14001109,Bolsover,E12000004,East Midlands,3993,0.028744738,0.827192069,0.006156353,0.011497895,0.029061609,0.006971165,0.090376171
E14001110,Bolton North East,E12000002,North West,3805,0.075381457,0.803525702,0.015829683,0.002497196,0.019025247,0.003216727,0.080523988
E14001111,Bolton South & Walkden,E12000002,North West,4384,0.075159101,0.789053882,0.014531184,0.000912176,0.02297412,0.004369962,0.092999576
E14001112,Bolton West,E12000002,North West,3322,0.04969456,0.840565306,0.011635799,0.002666537,0.012023659,0.002884709,0.080529429
E14001113,Bootle,E12000002,North West,3386,0.056298476,0.822769011,0.019813676,0.000534902,0.021128644,0.00398948,0.075465811
E14001114,Boston & Skegness,E12000004,East Midlands,4797,0.105403152,0.574953353,0.013081107,0.149291357,0.030013101,0.032037794,0.095220136
E14001115,Bournemouth East,E12000009,South West,3538,0.126487618,0.757643741,0.018674017,0.000769181,0.018289426,0.002542572,0.075593445
E14001116,Bournemouth West,E12000009,South West,3364,0.152880814,0.730087513,0.019279463,0.001288259,0.018213318,0.003531607,0.074719026
E14001117,Bracknell,E12000008,South East,3096,0.112405001,0.783696985,0.009757293,0.001250306,0.012650159,0.004339299,0.075900956
E14001118,Bradford East,E12000003,Yorkshire and The Humber,3813,0.063406059,0.783918509,0.024394355,0.001059577,0.03171507,0.003684439,0.091821991
E14001119,Bradford South,E12000003,Yorkshire and The Humber,3915,0.040772385,0.821471929,0.021302426,0.001007857,0.022218659,0.003550404,0.089676341
E14001120,Bradford West,E12000003,Yorkshire and The Humber,3581,0.125353152,0.713762122,0.02601237,0.00167986,0.037847744,0.004199649,0.091145104
E14001121,Braintree,E12000006,East of England,4173,0.09620998,0.629847565,0.010749201,0.138604457,0.017119956,0.010795534,0.096673308
E14001122,Brent East,E12000007,London,4661,0.130597015,0.695226314,0.022671966,0.00105451,0.047432674,0.008496918,0.094520604
E14001123,Brent West,E12000007,London,3463,0.148708729,0.684750128,0.019824591,0.000971794,0.055780958,0.005830762,0.084133039
E14001124,Brentford & Isleworth,E12000007,London,3539,0.177937447,0.652557058,0.022590871,0.001077768,0.064708369,0.006339814,0.074788673
E14001125,Brentwood & Ongar,E12000006,East of England,3421,0.076874128,0.767835728,0.010132407,0.03411733,0.015345456,0.011967987,0.083726963
E14001126,Bridgwater,E12000009,South West,4089,0.110481388,0.644533072,0.019754641,0.091682993,0.018401903,0.019777964,0.095368038
E14001127,Bridlington & The Wolds,E12000003,Yorkshire and The Humber,4313,0.065330784,0.704925771,0.013051996,0.069909604,0.027189691,0.01779603,0.101796125
E14001128,Brigg & Immingham,E12000003,Yorkshire and The Humber,3524,0.025273293,0.81604152,0.007872831,0.033672651,0.018303079,0.010480393,0.088356233
E14001129,Brighton Kemptown & Peacehaven,E12000008,South East,3418,0.10291918,0.762098914,0.019903498,0.002750302,0.024487334,0.005379976,0.082460796
E14001130,Brighton Pavilion,E12000008,South East,3215,0.130302892,0.7480385,0.024450324,0.001163215,0.019888696,0.002828209,0.073328163
E14001131,Bristol Central,E12000009,South West,2604,0.225570011,0.647522316,0.02476375,0.001204157,0.029685087,0.003088924,0.068165755
E14001132,Bristol East,E12000009,South West,3534,0.132563389,0.741864084,0.017575771,0.001117661,0.026122592,0.003309154,0.077447349
E14001133,Bristol North East,E12000009,South West,3153,0.093464248,0.790011493,0.01361615,0.002823165,0.017713486,0.003597662,0.078773797
E14001134,Bristol North West,E12000009,South West,3217,0.080808318,0.811322083,0.010843289,0.001642923,0.016828221,0.003051142,0.075504025
E14001135,Bristol South,E12000009,South West,3222,0.105821445,0.774965486,0.012586286,0.001449609,0.027956742,0.003083295,0.074137138
E14001136,Broadland & Fakenham,E12000006,East of England,4505,0.075726014,0.565788506,0.008871462,0.19080995,0.029163093,0.019237839,0.110403137
E14001137,Bromley & Biggin Hill,E12000007,London,2988,0.063134849,0.827932079,0.010412159,0.002062066,0.016521983,0.003869555,0.07606731
E14001138,Bromsgrove,E12000005,West Midlands,3864,0.049121532,0.80147825,0.008821035,0.021567915,0.009136072,0.01623652,0.093638677
E14001139,Broxbourne,E12000006,East of England,3518,0.115942029,0.762603643,0.01430901,0.005925722,0.013688877,0.006729599,0.080801121
E14001140,Broxtowe,E12000004,East Midlands,3293,0.053534743,0.842223565,0.010175227,0.00118429,0.009861027,0.003432024,0.079589124
E14001141,Buckingham & Bletchley,E12000008,South East,4017,0.063834396,0.73332531,0.009844747,0.056950295,0.020531953,0.018822963,0.096690336
E14001142,Burnley,E12000002,North West,4358,0.041066442,0.820353708,0.017441603,0.004631887,0.01606755,0.003856212,0.096582598
E14001143,Burton & Uttoxeter,E12000005,West Midlands,4014,0.068847446,0.760573693,0.016754242,0.036846412,0.019123094,0.011413558,0.086441554
E14001144,Bury North,E12000002,North West,3583,0.052895735,0.834882968,0.012697752,0.003145527,0.01068554,0.002821723,0.082870756
E14001145,Bury South,E12000002,North West,3077,0.083241726,0.814477839,0.013589054,0.001099287,0.01267688,0.002947024,0.071968191
E14001146,Bury St Edmunds & Stowmarket,E12000006,East of England,4056,0.092084293,0.653510714,0.009474057,0.127412786,0.01932442,0.008411546,0.089782185
E14001147,Calder Valley,E12000003,Yorkshire and The Humber,4706,0.057572244,0.778117196,0.019443453,0.015630574,0.016410988,0.007893329,0.104932215
E14001148,Camborne & Redruth,E12000009,South West,5237,0.153527263,0.469060334,0.035787896,0.130621135,0.041924302,0.04642121,0.12265786
E14001149,Cambridge,E12000006,East of England,3459,0.124772824,0.740088402,0.016715654,0.001884718,0.035248715,0.003679688,0.077609998
E14001150,Cannock Chase,E12000005,West Midlands,3587,0.061924705,0.82980486,0.009595913,0.001840943,0.010792526,0.003497791,0.082543262
E14001151,Canterbury,E12000008,South East,3965,0.090502661,0.757752809,0.012300414,0.018876404,0.014429332,0.012347723,0.093790656
E14001152,Carlisle,E12000002,North West,5089,0.0649118,0.729288288,0.013593543,0.051697612,0.021581066,0.011675694,0.107251997
E14001153,Carshalton & Wallington,E12000007,London,3052,0.111507517,0.762837389,0.018133504,0.000639717,0.027999902,0.00378909,0.075092882
E14001154,Castle Point,E12000006,East of England,2981,0.069669229,0.821184062,0.010912048,0.001390237,0.009233271,0.009416887,0.078194266
E14001155,Central Devon,E12000009,South West,5928,0.090886778,0.483469553,0.028495693,0.17220136,0.037159758,0.042289473,0.145497386
E14001156,Central Suffolk & North Ipswich,E12000006,East of England,4104,0.068595439,0.616498342,0.012402865,0.156149543,0.024755107,0.017718379,0.103880325
E14001157,Chatham & Aylesford,E12000008,South East,3453,0.067387549,0.811253342,0.016089724,0.003762156,0.014599058,0.005205499,0.081702671
E14001158,Cheadle,E12000002,North West,2623,0.057651027,0.85513135,0.00822856,0.001098845,0.009174077,0.001686599,0.067029541
E14001159,Chelmsford,E12000006,East of England,3332,0.119867726,0.766101469,0.013116428,0.007013183,0.015779662,0.0041724,0.073949132
E14001160,Chelsea & Fulham,E12000007,London,5068,0.130508319,0.674253148,0.026417869,0.002334773,0.066825995,0.006489567,0.093170328
E14001161,Cheltenham,E12000009,South West,3484,0.107072823,0.786366878,0.013303325,0.002139228,0.011297798,0.002183795,0.077636153
E14001162,Chesham & Amersham,E12000008,South East,3300,0.060112073,0.811283749,0.007335711,0.01673459,0.013143148,0.007335711,0.084055018
E14001163,Chester North & Neston,E12000002,North West,3214,0.094108315,0.781159107,0.011081464,0.015624624,0.013437177,0.007331555,0.077257758
E14001164,Chester South & Eddisbury,E12000002,North West,4497,0.045223986,0.611691442,0.009416432,0.153173965,0.023704299,0.043868019,0.112921856
E14001165,Chesterfield,E12000004,East Midlands,3523,0.044653349,0.844358425,0.008525149,0.000829474,0.017787609,0.002672749,0.081173245
E14001166,Chichester,E12000008,South East,4678,0.093463076,0.71438299,0.011465975,0.03597944,0.022624434,0.019329614,0.10275447
E14001167,Chingford & Woodford Green,E12000007,London,3247,0.086690656,0.785648769,0.016980644,0.000446859,0.029610292,0.00425692,0.07636586
E14001168,Chippenham,E12000009,South West,3682,0.094960484,0.716606498,0.009708264,0.060688848,0.01673334,0.011488926,0.08981364
E14001169,Chipping Barnet,E12000007,London,3239,0.091877099,0.791798905,0.015362679,0.000850927,0.021664137,0.00395566,0.074490594
E14001170,Chorley,E12000002,North West,4219,0.047744146,0.814871502,0.012061679,0.009069103,0.014780126,0.005094232,0.096379212
E14001171,Christchurch,E12000009,South West,3268,0.080538256,0.799954979,0.008353968,0.009904705,0.009904705,0.009604562,0.081738826
E14001172,Cities of London & Westminster,E12000007,London,5065,0.222661397,0.493142124,0.039525692,0.005759941,0.145721428,0.007634877,0.085554542
E14001173,City of Durham,E12000001,North East,3947,0.042660372,0.812226224,0.005572861,0.017862358,0.01813005,0.007495376,0.09605276
E14001174,Clacton,E12000006,East of England,3774,0.110998524,0.712888517,0.014516378,0.046302619,0.017600282,0.014560434,0.083133247
E14001175,Clapham & Brixton Hill,E12000007,London,4213,0.103352643,0.70664937,0.023842008,0.001498513,0.063228288,0.007201807,0.094227371
E14001176,Colchester,E12000006,East of England,4070,0.140287389,0.740016507,0.012359004,0.007406937,0.00979832,0.003999746,0.086132097
E14001177,Colne Valley,E12000003,Yorkshire and The Humber,3815,0.042098049,0.815160193,0.018283281,0.009227305,0.016007049,0.005849671,0.093374452
E14001178,Congleton,E12000002,North West,3525,0.039028186,0.800190749,0.006977386,0.035715182,0.014481841,0.015134403,0.088472254
E14001179,Corby & East Northamptonshire,E12000004,East Midlands,4302,0.052338435,0.769047619,0.009608844,0.047130102,0.019770408,0.01065051,0.091454082
E14001180,Coventry East,E12000005,West Midlands,3823,0.087016515,0.785865206,0.020094002,0.000452762,0.018757277,0.005390022,0.082424216
E14001181,Coventry North West,E12000005,West Midlands,3341,0.078916479,0.806659142,0.019367946,0.001173815,0.01476298,0.003702032,0.075417607
E14001182,Coventry South,E12000005,West Midlands,3353,0.090149789,0.792296542,0.018269253,0.000713283,0.017417915,0.004003589,0.077149628
E14001183,Cramlington & Killingworth,E12000001,North East,3898,0.048439451,0.832936103,0.006491885,0.005243446,0.014776983,0.003631824,0.088480309
E14001184,Crawley,E12000008,South East,3626,0.088881074,0.794786699,0.012967318,0.001384646,0.016791578,0.005494626,0.079694059
E14001185,Crewe & Nantwich,E12000002,North West,3811,0.057727063,0.819022402,0.014037742,0.009981927,0.013974698,0.005169588,0.08008658
E14001186,Croydon East,E12000007,London,3687,0.07238122,0.790216347,0.019501676,0.000679746,0.025197478,0.005602044,0.086421489
E14001187,Croydon South,E12000007,London,3278,0.078520834,0.805525447,0.012679287,0.000781427,0.016309143,0.003554234,0.082629629
E14001188,Croydon West,E12000007,London,4629,0.153665726,0.659706078,0.024784125,0.000788774,0.057705081,0.007265028,0.096085188
E14001189,Dagenham & Rainham,E12000007,London,3579,0.089722216,0.769436683,0.019090333,0.000446146,0.032098997,0.005165896,0.08403973
E14001190,Darlington,E12000001,North East,3669,0.060500304,0.819917592,0.009952041,0.008803729,0.013599622,0.004615766,0.082610947
E14001191,Dartford,E12000008,South East,3470,0.087454439,0.791934156,0.014038801,0.003362728,0.014720752,0.006890065,0.081599059
E14001192,Daventry,E12000004,East Midlands,4551,0.076211625,0.653602253,0.010301962,0.111787734,0.024083698,0.019825553,0.104187175
E14001193,Derby North,E12000004,East Midlands,3382,0.078454035,0.808626708,0.017059245,0.00020804,0.013453226,0.004022098,0.078176649
E14001194,Derby South,E12000004,East Midlands,3677,0.076339434,0.795230172,0.019722684,0.000332779,0.021852468,0.00494731,0.081575153
E14001195,Derbyshire Dales,E12000004,East Midlands,5099,0.043164563,0.664814722,0.011564181,0.100658656,0.029865755,0.021745689,0.128186435
E14001196,Dewsbury & Batley,E12000003,Yorkshire and The Humber,3487,0.06143725,0.789877179,0.021460594,0.002440513,0.027349656,0.00493408,0.09250073
E14001197,Didcot & Wantage,E12000008,South East,3816,0.088001634,0.732204467,0.009669512,0.053477392,0.015639186,0.014390775,0.086617033
E14001198,Doncaster Central,E12000003,Yorkshire and The Humber,4312,0.057050197,0.804985008,0.010749179,0.004385339,0.027943786,0.006934954,0.087951537
E14001199,Doncaster East & the Isle of Axholme,E12000003,Yorkshire and The Humber,3365,0.030831406,0.80011692,0.005363089,0.041506748,0.023384084,0.013267926,0.085529827
E14001200,Doncaster North,E12000003,Yorkshire and The Humber,3845,0.028055641,0.817638336,0.007908301,0.017370019,0.023701367,0.014828065,0.09049827
E14001201,Dorking & Horley,E12000008,South East,3734,0.070879023,0.763540628,0.009585155,0.033688623,0.015719653,0.01114434,0.095442579
E14001202,Dover & Deal,E12000008,South East,4095,0.065236839,0.776289305,0.013172608,0.022923469,0.018115132,0.012680592,0.091582055
E14001203,Droitwich & Evesham,E12000005,West Midlands,4541,0.071190997,0.677032076,0.010524877,0.078799891,0.01790596,0.041097139,0.103449061
E14001204,Dudley,E12000005,West Midlands,3383,0.069262925,0.814890448,0.01535172,0.000288295,0.014799154,0.004132231,0.081275226
E14001205,Dulwich & West Norwood,E12000007,London,4214,0.08222106,0.741149185,0.021965029,0.000545715,0.05129721,0.007003343,0.095818459
E14001206,Dunstable & Leighton Buzzard,E12000006,East of England,3353,0.088460147,0.796684158,0.011309147,0.009183027,0.011987696,0.006536687,0.075839139
E14001207,Ealing Central & Acton,E12000007,London,4363,0.152195248,0.67925856,0.023035757,0.001518434,0.057830121,0.005370072,0.080791808
E14001208,Ealing North,E12000007,London,3631,0.089909515,0.767571514,0.018804894,0.000575209,0.035972655,0.006836132,0.080330081
E14001209,Ealing Southall,E12000007,London,3414,0.099491772,0.749201355,0.021055179,0.000677638,0.040948693,0.006001936,0.082623427
E14001210,Earley & Woodley,E12000008,South East,3006,0.067629746,0.826954219,0.010230573,0.002776136,0.009356605,0.005783616,0.077269105
E14001211,Easington,E12000001,North East,4302,0.024395998,0.826302378,0.00545017,0.010263307,0.027062099,0.005025481,0.101500566
E14001212,East Grinstead & Uckfield,E12000008,South East,4071,0.080841416,0.663282529,0.009850107,0.104572364,0.022597304,0.016299282,0.102556997
E14001213,East Ham,E12000007,London,3650,0.079998925,0.74611023,0.025474968,0.001370489,0.04337194,0.005589445,0.098084003
E14001214,East Hampshire,E12000008,South East,4123,0.079170914,0.689484827,0.009618652,0.077864032,0.019315717,0.016780365,0.107765493
E14001215,East Surrey,E12000008,South East,4000,0.059184031,0.774320234,0.008855092,0.031393051,0.014433299,0.01175676,0.100057533
E14001216,East Thanet,E12000008,South East,3557,0.098351078,0.792002077,0.016207911,0.000952134,0.012247901,0.00326755,0.076971349
E14001217,East Wiltshire,E12000009,South West,4634,0.143190837,0.502888431,0.009720199,0.17817853,0.027251721,0.022379063,0.116391219
E14001218,East Worthing & Shoreham,E12000008,South East,3327,0.087982883,0.802943735,0.015329995,0.001316687,0.012390962,0.001810444,0.078225294
E14001219,Eastbourne,E12000008,South East,3158,0.128283271,0.762990572,0.017101513,0.001052401,0.017320763,0.004012278,0.069239202
E14001220,Eastleigh,E12000008,South East,3061,0.071652854,0.817805117,0.010346425,0.004092243,0.012637052,0.004684202,0.078782107
E14001221,Edmonton & Winchmore Hill,E12000007,London,4468,0.125702201,0.722049655,0.022228097,0.000462626,0.025025885,0.006102262,0.098429273
E14001222,Ellesmere Port & Bromborough,E12000002,North West,3479,0.044154722,0.844654133,0.011020673,0.002280967,0.011548897,0.002809191,0.083531417
E14001223,Eltham & Chislehurst,E12000007,London,3744,0.069302144,0.785992218,0.014459052,0.000506527,0.039440057,0.004098266,0.086201736
E14001224,Ely & East Cambridgeshire,E12000006,East of England,3984,0.077808513,0.642120996,0.00852146,0.145890961,0.021192112,0.015592933,0.088873026
E14001225,Enfield North,E12000007,London,4456,0.146655888,0.699987236,0.022442988,0.001170014,0.028271784,0.006679714,0.094792376
E14001226,Epping Forest,E12000006,East of England,3293,0.077509622,0.789353925,0.012466413,0.012369587,0.01428191,0.014306117,0.079712425
E14001227,Epsom & Ewell,E12000008,South East,3234,0.081676203,0.813267986,0.010106932,0.001829097,0.014468624,0.002813995,0.075837163
E14001228,Erewash,E12000004,East Midlands,3534,0.052832934,0.83457729,0.014551941,0.001103131,0.011641553,0.002347087,0.082946064
E14001229,Erith & Thamesmead,E12000007,London,5013,0.119510671,0.706523711,0.023861827,0.000886757,0.039057619,0.009129567,0.101029847
E14001230,Esher & Walton,E12000008,South East,3230,0.075063242,0.819006616,0.009340339,0.001070247,0.014156451,0.002797237,0.078565869
E14001231,Exeter,E12000009,South West,2861,0.132039413,0.755677447,0.02432305,0.002134472,0.012434539,0.002382666,0.071008414
E14001232,Exmouth & Exeter East,E12000009,South West,3775,0.082766519,0.684454106,0.014889091,0.039127691,0.074538952,0.015987659,0.088235982
E14001233,Fareham & Waterlooville,E12000008,South East,3622,0.075551406,0.799276462,0.012230132,0.010572996,0.010409616,0.007422103,0.084537286
E14001234,Farnham & Bordon,E12000008,South East,4190,0.06251219,0.78576653,0.007948118,0.0187244,0.013921397,0.008972108,0.102155256
E14001235,Faversham & Mid Kent,E12000008,South East,4034,0.051402683,0.758992358,0.011027307,0.044930675,0.013865034,0.019366241,0.100415702
E14001236,Feltham & Heston,E12000007,London,3683,0.129471852,0.700769548,0.022261921,0.001007741,0.053433191,0.00870322,0.084352526
E14001237,Filton & Bradley Stoke,E12000009,South West,3120,0.08373104,0.8062184,0.008103766,0.010986155,0.012474602,0.00477248,0.073713557
E14001238,Finchley & Golders Green,E12000007,London,3812,0.116250933,0.748482588,0.01984231,0.001028412,0.031800125,0.005726846,0.076868787
E14001239,Folkestone & Hythe,E12000008,South East,3619,0.087623461,0.758248994,0.016363858,0.024045848,0.01482746,0.01063285,0.08825753
E14001240,Forest of Dean,E12000009,South West,5276,0.067580703,0.51427329,0.012047885,0.189747787,0.03954571,0.041847854,0.134956771
E14001241,Frome & East Somerset,E12000009,South West,4404,0.066835718,0.672937097,0.012057857,0.101456775,0.019923927,0.012834114,0.113954511
E14001242,Fylde,E12000002,North West,3446,0.093412878,0.788772512,0.01157288,0.010720614,0.008746944,0.00948707,0.077287102
E14001243,Gainsborough,E12000004,East Midlands,4325,0.046096444,0.660133188,0.008501393,0.127827894,0.027133614,0.028172673,0.102134794
E14001244,Gateshead Central & Whickham,E12000001,North East,4018,0.085242276,0.786567063,0.010291363,0.000812476,0.023426392,0.002979079,0.090681351
E14001245,Gedling,E12000004,East Midlands,3454,0.062895481,0.831979536,0.008571557,0.002535565,0.012565633,0.003949199,0.077503029
E14001246,Gillingham & Rainham,E12000008,South East,3400,0.059285241,0.820427285,0.016777453,0.00156982,0.015035934,0.003507567,0.083396698
E14001247,Glastonbury & Somerton,E12000009,South West,4862,0.108779818,0.521993256,0.014861996,0.174921943,0.034669664,0.023329587,0.121443737
E14001248,Gloucester,E12000009,South West,4207,0.097601968,0.779544989,0.015802419,0.001803648,0.013937282,0.005083009,0.086226686
E14001249,Godalming & Ash,E12000008,South East,4099,0.06418902,0.745841451,0.007817573,0.048453969,0.01521055,0.016109696,0.102377741
E14001250,Goole & Pocklington,E12000003,Yorkshire and The Humber,4290,0.041438395,0.735903506,0.008567242,0.073092098,0.025814452,0.01846466,0.096719648
E14001251,Gorton & Denton,E12000002,North West,4043,0.063608353,0.795458176,0.019376926,0.000867283,0.024671916,0.00374301,0.092274335
E14001252,Gosport,E12000008,South East,3376,0.113350006,0.774681434,0.016791711,0.000595451,0.010075027,0.004096701,0.08040967
E14001253,Grantham & Bourne,E12000004,East Midlands,4106,0.076234016,0.656285535,0.010791116,0.120489197,0.025921886,0.01499153,0.095286719
E14001254,Gravesham,E12000008,South East,3588,0.070942383,0.787508388,0.015027322,0.016201706,0.015003355,0.009323171,0.085993673
E14001255,Great Grimsby & Cleethorpes,E12000003,Yorkshire and The Humber,3835,0.052232152,0.831774732,0.017873805,0.001161175,0.014887926,0.002550439,0.079519771
E14001256,Great Yarmouth,E12000006,East of England,4003,0.096825611,0.632139009,0.019306753,0.123226473,0.020765984,0.017869971,0.0898662
E14001257,Greenwich & Woolwich,E12000007,London,4528,0.18713167,0.554028417,0.022927262,0.000867845,0.138027771,0.005630903,0.091386131
E14001258,Guildford,E12000008,South East,3433,0.090983691,0.773822956,0.010975485,0.010924197,0.01774541,0.007513591,0.08803467
E14001259,Hackney North & Stoke Newington,E12000007,London,4008,0.103631171,0.73249014,0.026134458,0.00083866,0.039009021,0.007049277,0.090847273
E14001260,Hackney South & Shoreditch,E12000007,London,4794,0.166758753,0.614586531,0.028178525,0.00110504,0.084208157,0.007059979,0.098103014
E14001261,Halesowen,E12000005,West Midlands,3278,0.06374482,0.823031521,0.014868768,0.000954414,0.011352505,0.003717192,0.08233078
E14001262,Halifax,E12000003,Yorkshire and The Humber,4654,0.071405089,0.779889101,0.021719596,0.003046442,0.017664979,0.004273785,0.102001008
E14001263,Hamble Valley,E12000008,South East,3619,0.05699641,0.823270975,0.008810469,0.00885771,0.009377362,0.007204271,0.085482804
E14001264,Hammersmith & Chiswick,E12000007,London,4621,0.110857515,0.704309634,0.023686684,0.002857746,0.063580046,0.006079902,0.088628474
E14001265,Hampstead & Highgate,E12000007,London,4367,0.107721891,0.671763065,0.025224342,0.003261443,0.102914561,0.006786818,0.082327879
E14001266,"Harborough, Oadby & Wigston",E12000004,East Midlands,3297,0.053671145,0.829891,0.008022629,0.012460679,0.011290205,0.004267356,0.080396986
E14001267,Harlow,E12000006,East of England,3788,0.078771074,0.769121562,0.010891748,0.023358474,0.025022183,0.008806566,0.084028394
E14001268,Harpenden & Berkhamsted,E12000006,East of England,3228,0.057878064,0.804035106,0.006595347,0.025264853,0.014385127,0.008023473,0.083818031
E14001269,Harrogate & Knaresborough,E12000003,Yorkshire and The Humber,4014,0.062150031,0.798440139,0.010887921,0.018553906,0.010621278,0.010154653,0.089192072
E14001270,Harrow East,E12000007,London,2989,0.071049103,0.803667217,0.012507737,0.000361048,0.028651743,0.006679389,0.077083763
E14001271,Harrow West,E12000007,London,3535,0.112292359,0.746938776,0.018011391,0.000783104,0.032724252,0.005363075,0.083887043
E14001272,Hartlepool,E12000001,North East,3902,0.046078671,0.8224774,0.008355729,0.002931835,0.020327388,0.00449548,0.095333496
E14001273,Harwich & North Essex,E12000006,East of England,4101,0.083964376,0.671786446,0.011501643,0.107253417,0.016954803,0.010882507,0.097656808
E14001274,Hastings & Rye,E12000008,South East,4163,0.105357409,0.74965357,0.021894387,0.011895879,0.016116997,0.006331678,0.08875008
E14001275,Havant,E12000008,South East,3707,0.069841036,0.803257776,0.017711706,0.001717201,0.010744775,0.005789422,0.090938083
E14001276,Hayes & Harlington,E12000007,London,3678,0.130578712,0.710933913,0.020707986,0.000990697,0.039458741,0.00845717,0.08887278
E14001277,Hazel Grove,E12000002,North West,3167,0.0505685,0.843571202,0.010542205,0.004017238,0.010225696,0.003968544,0.077106615
E14001278,Hemel Hempstead,E12000006,East of England,3381,0.094809044,0.78779695,0.011806319,0.004015104,0.015367334,0.005401271,0.080803977
E14001279,Hendon,E12000007,London,3826,0.182983756,0.641542707,0.02284185,0.000601647,0.065994481,0.006659613,0.079375947
E14001280,Henley & Thame,E12000008,South East,4007,0.076668954,0.676018399,0.007699931,0.094787934,0.02030444,0.022693197,0.101827145
E14001281,Hereford & South Herefordshire,E12000005,West Midlands,5023,0.084535649,0.602908904,0.01799972,0.123873558,0.024256432,0.029159079,0.117266657
E14001282,Herne Bay & Sandwich,E12000008,South East,3938,0.073408257,0.771052085,0.013084716,0.021577089,0.013246256,0.016753975,0.090877622
E14001283,Hertford & Stortford,E12000006,East of England,3527,0.113603981,0.76161936,0.011783331,0.017527988,0.010516793,0.005179238,0.079769309
E14001284,Hertsmere,E12000006,East of England,3211,0.085455412,0.797854077,0.010300429,0.005865522,0.017000477,0.006962327,0.076561755
E14001285,Hexham,E12000001,North East,5257,0.044218428,0.603656617,0.008524034,0.141445696,0.046688461,0.028163216,0.127303548
E14001286,Heywood & Middleton North,E12000002,North West,3702,0.047788035,0.826279823,0.01268433,0.002973265,0.01618511,0.005323103,0.088766335
E14001287,High Peak,E12000004,East Midlands,4408,0.048192476,0.792294109,0.011036445,0.017952617,0.014690734,0.007725511,0.108108108
E14001288,Hinckley & Bosworth,E12000004,East Midlands,3828,0.05840898,0.773808135,0.00910088,0.038807085,0.017385014,0.013161272,0.089328635
E14001289,Hitchin,E12000006,East of England,3574,0.077217519,0.775512207,0.010011042,0.026352595,0.012121212,0.011090664,0.087694761
E14001290,Holborn & St Pancras,E12000007,London,3978,0.142395533,0.600553931,0.029367155,0.003275229,0.127953751,0.009012376,0.087442024
E14001291,Honiton & Sidmouth,E12000009,South West,4655,0.096003686,0.615597265,0.017750618,0.11118386,0.028347641,0.018235608,0.112881323
E14001292,Hornchurch & Upminster,E12000007,London,3151,0.057051618,0.829035794,0.013226252,0.001644345,0.018993375,0.004956866,0.07509175
E14001293,Hornsey & Friern Barnet,E12000007,London,3462,0.092019469,0.774749747,0.019561025,0.00043622,0.029134907,0.004614749,0.079483883
E14001294,Horsham,E12000008,South East,3875,0.098448935,0.687117412,0.010079624,0.075275003,0.019860082,0.020044185,0.08917476
E14001295,Houghton & Sunderland South,E12000001,North East,5286,0.030886482,0.809154522,0.006239693,0.002562731,0.029059143,0.004300931,0.117796497
E14001296,Hove & Portslade,E12000008,South East,3271,0.115018124,0.75696208,0.023659135,0.002365913,0.028759957,0.00223568,0.07099911
E14001297,Huddersfield,E12000003,Yorkshire and The Humber,4410,0.0698353,0.782280725,0.023840401,0.001296849,0.023019064,0.004409285,0.095318376
E14001298,Huntingdon,E12000006,East of England,4014,0.075010406,0.724187789,0.010800272,0.071899577,0.017372445,0.012793831,0.08793568
E14001299,Hyndburn,E12000002,North West,3671,0.039481631,0.824131857,0.018168093,0.0032461,0.017966784,0.004630096,0.09237544
E14001300,Ilford North,E12000007,London,3017,0.07008639,0.805019355,0.018021482,0.000871594,0.023481761,0.005178292,0.077341126
E14001301,Ilford South,E12000007,London,3311,0.125062581,0.726794833,0.024782217,0.000876139,0.033693802,0.00590768,0.082882748
E14001302,Ipswich,E12000006,East of England,3485,0.155446086,0.731091245,0.018062397,0.001966389,0.018528655,0.004257131,0.070648097
E14001303,Isle of Wight East,E12000008,South East,3000,0.105382935,0.753428814,0.022757616,0.009012016,0.010984343,0.007403811,0.091030465
E14001304,Isle of Wight West,E12000008,South East,3302,0.10863142,0.665996102,0.023951719,0.044382976,0.032847174,0.020399824,0.103790784
E14001305,Islington North,E12000007,London,4349,0.123340249,0.699834025,0.022510373,0.000788382,0.05439834,0.008900415,0.090228216
E14001306,Islington South & Finsbury,E12000007,London,4788,0.156333563,0.629096952,0.026319811,0.001317901,0.086637635,0.008843304,0.091450837
E14001307,Jarrow & Gateshead East,E12000001,North East,4701,0.045273562,0.808834551,0.007588533,0.000936856,0.023585348,0.003677159,0.110103991
E14001308,Keighley & Ilkley,E12000003,Yorkshire and The Humber,3921,0.061718955,0.793744474,0.019736685,0.008124059,0.015818021,0.007168287,0.093689518
E14001309,Kenilworth & Southam,E12000005,West Midlands,4074,0.081382357,0.639149865,0.009496724,0.106012899,0.027017419,0.033492458,0.103448276
E14001310,Kensington & Bayswater,E12000007,London,5828,0.150250524,0.623525269,0.036498103,0.005250604,0.082921129,0.008260097,0.093294274
E14001311,Kettering,E12000004,East Midlands,4139,0.059574837,0.798393731,0.010867212,0.02277352,0.012750574,0.006039745,0.089600381
E14001312,Kingston & Surbiton,E12000007,London,3281,0.10762322,0.782190581,0.018992333,0.00067908,0.013975904,0.004665936,0.071872946
E14001313,Kingston upon Hull East,E12000003,Yorkshire and The Humber,3937,0.0497082,0.823194132,0.015486977,0.000227082,0.016849467,0.005132048,0.089402094
E14001314,Kingston upon Hull North & Cottingham,E12000003,Yorkshire and The Humber,4309,0.061697495,0.809799972,0.017174369,0.001648251,0.017052276,0.004944753,0.087682885
E14001315,Kingston upon Hull West & Haltemprice,E12000003,Yorkshire and The Humber,3852,0.083993029,0.796715873,0.016042668,0.002477794,0.015895681,0.003989669,0.080885287
E14001316,Kingswinford & South Staffordshire,E12000005,West Midlands,3130,0.039186056,0.827596988,0.010369714,0.015294026,0.009353586,0.016648863,0.081550767
E14001317,Knowsley,E12000002,North West,3140,0.045592629,0.82873506,0.015861554,0.001469124,0.024228088,0.005926295,0.078187251
E14001318,Lancaster & Wyre,E12000002,North West,3724,0.081884336,0.726694753,0.016877314,0.041925188,0.016034725,0.021498787,0.095084897
E14001319,Leeds Central & Headingley,E12000003,Yorkshire and The Humber,3106,0.211132729,0.65899386,0.02744018,0.000909619,0.017434368,0.005609319,0.078479925
E14001320,Leeds East,E12000003,Yorkshire and The Humber,3811,0.086604226,0.783641908,0.02206491,0.001459377,0.018470921,0.004748421,0.083010237
E14001321,Leeds North East,E12000003,Yorkshire and The Humber,3069,0.090627807,0.798283262,0.017017666,0.000923246,0.013075157,0.003493363,0.076579499
E14001322,Leeds North West,E12000003,Yorkshire and The Humber,3182,0.054489735,0.833540961,0.013927646,0.003762208,0.009118995,0.005880008,0.079280446
E14001323,Leeds South,E12000003,Yorkshire and The Humber,4540,0.193680908,0.642907828,0.034079026,0.000466836,0.039363609,0.00472438,0.084777413
E14001324,Leeds South West & Morley,E12000003,Yorkshire and The Humber,3340,0.057494964,0.829482166,0.019670577,0.000853182,0.010380377,0.002962436,0.079156298
E14001325,Leeds West & Pudsey,E12000003,Yorkshire and The Humber,3461,0.100459099,0.77813963,0.02349775,0.000565393,0.01659995,0.002465115,0.078273062
E14001326,Leicester East,E12000004,East Midlands,3645,0.06725735,0.782294603,0.016461941,0.000604108,0.036145791,0.005487314,0.091748892
E14001327,Leicester South,E12000004,East Midlands,3278,0.162350598,0.673381474,0.021190239,0.000473108,0.055951195,0.00502988,0.081623506
E14001328,Leicester West,E12000004,East Midlands,4062,0.10126529,0.760184425,0.019179351,0.000126318,0.028505863,0.005221163,0.08551759
E14001329,Leigh & Atherton,E12000002,North West,4060,0.055915552,0.830100334,0.011371237,0.001505017,0.012102843,0.004138796,0.084866221
E14001330,Lewes,E12000008,South East,3853,0.077646107,0.748286693,0.011826575,0.045521607,0.014943842,0.010089473,0.091685703
E14001331,Lewisham East,E12000007,London,4261,0.089757793,0.759400456,0.022026719,0.000738568,0.030346476,0.005169979,0.092560009
E14001332,Lewisham North,E12000007,London,4490,0.16978244,0.631780889,0.027592963,0.000836769,0.072329483,0.006041063,0.091636393
E14001333,Lewisham West & East Dulwich,E12000007,London,3580,0.069731279,0.792944264,0.020482045,0.000534525,0.024855435,0.004470577,0.086981875
E14001334,Leyton & Wanstead,E12000007,London,3452,0.102698038,0.761991279,0.022960574,0.000499637,0.028797238,0.004655705,0.078397529
E14001335,Lichfield,E12000005,West Midlands,3645,0.055006816,0.78767369,0.009207663,0.031497381,0.01401478,0.015425825,0.087173845
E14001336,Lincoln,E12000004,East Midlands,3761,0.075614916,0.813057364,0.011282094,0.003919698,0.013625617,0.004500394,0.077999917
E14001337,Liverpool Garston,E12000002,North West,2911,0.053631695,0.840914649,0.016091954,0.000366838,0.0144045,0.003399364,0.071191
E14001338,Liverpool Riverside,E12000002,North West,3673,0.237027662,0.625665441,0.02844573,0.000964262,0.02844573,0.005665039,0.073786135
E14001339,Liverpool Walton,E12000002,North West,3199,0.03965085,0.840932306,0.021287956,0.000255363,0.018571827,0.005037608,0.074264091
E14001340,Liverpool Wavertree,E12000002,North West,3367,0.072301967,0.800245013,0.024801794,0.000693433,0.019601045,0.00453043,0.077826318
E14001341,Liverpool West Derby,E12000002,North West,3242,0.042585479,0.83565704,0.021814388,0.000237113,0.017830891,0.005003082,0.076872006
E14001342,Loughborough,E12000004,East Midlands,3369,0.0625,0.816946138,0.011534553,0.005945122,0.012449187,0.005030488,0.085594512
E14001343,Louth & Horncastle,E12000004,East Midlands,4764,0.060735496,0.5694381,0.012174509,0.185975331,0.033234354,0.0296254,0.108816811
E14001344,Lowestoft,E12000006,East of England,3772,0.073867221,0.774636039,0.016007291,0.026055663,0.013576987,0.007711542,0.088145257
E14001345,Luton North,E12000006,East of England,3422,0.066354977,0.806310473,0.014651099,0.000700053,0.018701403,0.007725579,0.085556417
E14001346,Luton South & South Bedfordshire,E12000006,East of England,3743,0.147111773,0.701353544,0.020136466,0.009134754,0.028737804,0.010334941,0.083190719
E14001347,Macclesfield,E12000002,North West,4061,0.061879865,0.7811084,0.009387708,0.030091786,0.012013477,0.011153712,0.094365052
E14001348,Maidenhead,E12000008,South East,3525,0.077496882,0.769380217,0.009114458,0.031252998,0.014319294,0.013887556,0.084548594
E14001349,Maidstone & Malling,E12000008,South East,3548,0.104923161,0.775216465,0.01289723,0.008250601,0.012466567,0.005825287,0.08042069
E14001350,Makerfield,E12000002,North West,3577,0.035420851,0.85893281,0.008490049,0.001551944,0.010544093,0.003423407,0.081636845
