ONSConstID,ConstituencyName,RegNationID,RegNationName,Straight or Heterosexual,Gay or Lesbian,Bisexual,All other sexual orientations,Not answered
E14001063,Aldershot,E12000008,South East,0.904443817,0.012638379,0.01407052,0.003982814,0.064864469
E14001064,Aldridge-Brownhills,E12000005,West Midlands,0.921016724,0.008992502,0.006822346,0.001546398,0.061622029
E14001065,Altrincham & Sale West,E12000002,North West,0.918144628,0.012511801,0.008068475,0.002051734,0.059223362
E14001066,Amber Valley,E12000004,East Midlands,0.904946007,0.013784829,0.00942541,0.001746434,0.07009732
E14001067,Arundel & South Downs,E12000008,South East,0.91476272,0.011937378,0.007766634,0.001822407,0.063710861
E14001068,Ashfield,E12000004,East Midlands,0.904118786,0.013918657,0.00937379,0.00191091,0.070677857
E14001069,Ashford,E12000008,South East,0.909837514,0.012760843,0.01073419,0.003063545,0.063603907
E14001070,Ashton-under-Lyne,E12000002,North West,0.905765818,0.017671269,0.011705328,0.003901776,0.060955809
E14001071,Aylesbury,E12000008,South East,0.904821533,0.012050961,0.010603467,0.00294094,0.069583099
E14001072,Banbury,E12000008,South East,0.90392823,0.013190826,0.010954068,0.003204004,0.068722872
E14001073,Barking,E12000007,London,0.883276943,0.008616047,0.010272198,0.0051615,0.092673312
E14001074,Barnsley North,E12000003,Yorkshire and The Humber,0.915674801,0.015349977,0.009017672,0.001993504,0.057964047
E14001075,Barnsley South,E12000003,Yorkshire and The Humber,0.912466844,0.016161592,0.009811976,0.002206521,0.059353067
E14001076,Barrow & Furness,E12000002,North West,0.912628163,0.011679083,0.009417029,0.00260628,0.063669445
E14001077,Basildon & Billericay,E12000006,East of England,0.915733724,0.010675147,0.007447777,0.002281621,0.063861731
E14001078,Basingstoke,E12000008,South East,0.905593068,0.013841999,0.01353815,0.003657439,0.063369345
E14001079,Bassetlaw,E12000004,East Midlands,0.912681404,0.011798551,0.008036525,0.002003308,0.065480212
E14001080,Bath,E12000009,South West,0.863992666,0.017957827,0.027286271,0.005626862,0.085136374
E14001081,Battersea,E12000007,London,0.864627301,0.036443149,0.016132892,0.003742222,0.079054436
E14001082,Beaconsfield,E12000008,South East,0.914245967,0.00875536,0.007262099,0.002297325,0.067439249
E14001083,Beckenham & Penge,E12000007,London,0.884844793,0.021548504,0.012745222,0.003562686,0.077298794
E14001084,Bedford,E12000006,East of England,0.887801239,0.012309536,0.013564227,0.003684948,0.082640051
E14001085,Bermondsey & Old Southwark,E12000007,London,0.81653915,0.053535189,0.026631939,0.006587444,0.096706278
E14001086,Bethnal Green & Stepney,E12000007,London,0.82008494,0.03922158,0.029350735,0.007757049,0.103585696
E14001087,Beverley & Holderness,E12000003,Yorkshire and The Humber,0.914110349,0.010444793,0.007415408,0.001791289,0.066238162
E14001088,Bexhill & Battle,E12000008,South East,0.898749836,0.014212396,0.00880379,0.001973944,0.076260034
E14001089,Bexleyheath & Crayford,E12000007,London,0.913634449,0.009304047,0.007274769,0.002118617,0.067668117
E14001090,Bicester & Woodstock,E12000008,South East,0.907242509,0.012944316,0.011391484,0.003117797,0.065303894
E14001091,Birkenhead,E12000002,North West,0.896473131,0.019126389,0.012570784,0.002807867,0.069021829
E14001092,Birmingham Edgbaston,E12000005,West Midlands,0.86730249,0.019177862,0.018237883,0.004665505,0.090616259
E14001093,Birmingham Erdington,E12000005,West Midlands,0.881822297,0.013547226,0.009810423,0.002873654,0.091946401
E14001094,Birmingham Hall Green & Moseley,E12000005,West Midlands,0.874166928,0.010656618,0.010265241,0.003913763,0.10099745
E14001095,Birmingham Hodge Hill & Solihull North,E12000005,West Midlands,0.886342309,0.008710628,0.007441018,0.00257234,0.094933704
E14001096,Birmingham Ladywood,E12000005,West Midlands,0.839417994,0.019596941,0.018176997,0.006629258,0.11617881
E14001097,Birmingham Northfield,E12000005,West Midlands,0.890900225,0.014902651,0.012274171,0.002771203,0.07915175
E14001098,Birmingham Perry Barr,E12000005,West Midlands,0.877191467,0.005462475,0.007761897,0.004944296,0.104639865
E14001099,Birmingham Selly Oak,E12000005,West Midlands,0.863628153,0.019610721,0.025165398,0.005475647,0.08612008
E14001100,Birmingham Yardley,E12000005,West Midlands,0.883055199,0.009732758,0.007725522,0.002777454,0.096709068
E14001101,Bishop Auckland,E12000001,North East,0.919214031,0.013043025,0.008417377,0.001967529,0.057358038
E14001102,Blackburn,E12000002,North West,0.888423579,0.008352057,0.007269818,0.002882048,0.093072498
E14001103,Blackley & Middleton South,E12000002,North West,0.891654326,0.017926241,0.010390293,0.003320117,0.076709024
E14001104,Blackpool North & Fleetwood,E12000002,North West,0.909693507,0.018795579,0.008608375,0.001704133,0.061198406
E14001105,Blackpool South,E12000002,North West,0.879587643,0.034992293,0.014787678,0.003093797,0.067538589
E14001106,Blaydon & Consett,E12000001,North East,0.922943803,0.01562789,0.009445428,0.002285397,0.049697482
E14001107,Blyth & Ashington,E12000001,North East,0.919263848,0.014494497,0.009791303,0.001708065,0.054742287
E14001108,Bognor Regis & Littlehampton,E12000008,South East,0.899308753,0.014745859,0.011206409,0.002496477,0.072242502
E14001109,Bolsover,E12000004,East Midlands,0.909700249,0.014504481,0.009395908,0.001896089,0.064503273
E14001110,Bolton North East,E12000002,North West,0.9070874,0.012599823,0.010059894,0.002185004,0.068067879
E14001111,Bolton South & Walkden,E12000002,North West,0.896184808,0.014740516,0.01205361,0.003211441,0.073809626
E14001112,Bolton West,E12000002,North West,0.917863753,0.012174395,0.007981971,0.001964018,0.060015863
E14001113,Bootle,E12000002,North West,0.910826017,0.019559102,0.010828443,0.002473687,0.056312752
E14001114,Boston & Skegness,E12000004,East Midlands,0.886574481,0.011231888,0.008408402,0.002564925,0.091220304
E14001115,Bournemouth East,E12000009,South West,0.876950447,0.021915262,0.016850049,0.004385319,0.079898922
E14001116,Bournemouth West,E12000009,South West,0.857831325,0.025826944,0.024786418,0.005377875,0.086177437
E14001117,Bracknell,E12000008,South East,0.91231538,0.013382279,0.010975924,0.002897448,0.06042897
E14001118,Bradford East,E12000003,Yorkshire and The Humber,0.876366743,0.008542141,0.009510251,0.003610478,0.101970387
E14001119,Bradford South,E12000003,Yorkshire and The Humber,0.89927135,0.012283982,0.009563529,0.002241078,0.076640061
E14001120,Bradford West,E12000003,Yorkshire and The Humber,0.862930996,0.008211558,0.010209262,0.003697409,0.114950775
E14001121,Braintree,E12000006,East of England,0.913556709,0.011145241,0.008862056,0.001930116,0.064505879
E14001122,Brent East,E12000007,London,0.849471463,0.014810201,0.011509748,0.005810656,0.118397932
E14001123,Brent West,E12000007,London,0.85351425,0.008283883,0.013541314,0.0059889,0.118671653
E14001124,Brentford & Isleworth,E12000007,London,0.871962115,0.014216667,0.010828492,0.004296246,0.09869648
E14001125,Brentwood & Ongar,E12000006,East of England,0.920280087,0.009573379,0.005841384,0.001585162,0.062719988
E14001126,Bridgwater,E12000009,South West,0.897316834,0.012349914,0.011712815,0.003332517,0.07528792
E14001127,Bridlington & The Wolds,E12000003,Yorkshire and The Humber,0.902170738,0.011901586,0.008624522,0.001524216,0.075778938
E14001128,Brigg & Immingham,E12000003,Yorkshire and The Humber,0.919771453,0.010216172,0.00738566,0.001448169,0.061178546
E14001129,Brighton Kemptown & Peacehaven,E12000008,South East,0.814332408,0.06337342,0.030675301,0.008917669,0.082701203
E14001130,Brighton Pavilion,E12000008,South East,0.788875113,0.057067178,0.04896303,0.013401713,0.091692967
E14001131,Bristol Central,E12000009,South West,0.805552575,0.030766847,0.054357544,0.011193363,0.098129671
E14001132,Bristol East,E12000009,South West,0.85350612,0.022141549,0.027289178,0.008957774,0.08810538
E14001133,Bristol North East,E12000009,South West,0.877545415,0.016917411,0.020051189,0.00571821,0.079767776
E14001134,Bristol North West,E12000009,South West,0.878064296,0.015767352,0.021856185,0.005441327,0.078870839
E14001135,Bristol South,E12000009,South West,0.877280799,0.021249717,0.023633308,0.005994732,0.071841444
E14001136,Broadland & Fakenham,E12000006,East of England,0.911953941,0.011629688,0.009038221,0.00187658,0.06550157
E14001137,Bromley & Biggin Hill,E12000007,London,0.904210594,0.013456009,0.008561753,0.002351287,0.071420357
E14001138,Bromsgrove,E12000005,West Midlands,0.920035019,0.011048361,0.007546425,0.001689314,0.05968088
E14001139,Broxbourne,E12000006,East of England,0.913290877,0.008816903,0.006598308,0.002264576,0.069029336
E14001140,Broxtowe,E12000004,East Midlands,0.899341522,0.013777384,0.015474231,0.003558313,0.06784855
E14001141,Buckingham & Bletchley,E12000008,South East,0.907957872,0.01127585,0.010987956,0.002615038,0.067163284
E14001142,Burnley,E12000002,North West,0.894912947,0.012472453,0.009622596,0.003080615,0.079911389
E14001143,Burton & Uttoxeter,E12000005,West Midlands,0.901009479,0.011700279,0.010358706,0.003024038,0.073907497
E14001144,Bury North,E12000002,North West,0.911845697,0.013215329,0.009150924,0.002585346,0.063202703
E14001145,Bury South,E12000002,North West,0.883115472,0.018406537,0.010693896,0.002776068,0.085008026
E14001146,Bury St Edmunds & Stowmarket,E12000006,East of England,0.907022715,0.01280731,0.011339559,0.002686931,0.066143484
E14001147,Calder Valley,E12000003,Yorkshire and The Humber,0.897700938,0.021261725,0.012801177,0.004070872,0.064165287
E14001148,Camborne & Redruth,E12000009,South West,0.890092784,0.013776705,0.014046355,0.003321608,0.078762548
E14001149,Cambridge,E12000006,East of England,0.797965879,0.027990251,0.041226097,0.010142482,0.122675291
E14001150,Cannock Chase,E12000005,West Midlands,0.920815248,0.013264143,0.009469192,0.002327893,0.054123524
E14001151,Canterbury,E12000008,South East,0.859385636,0.019959159,0.027018422,0.006642075,0.086994708
E14001152,Carlisle,E12000002,North West,0.906805828,0.013736102,0.011622856,0.002606337,0.065228876
E14001153,Carshalton & Wallington,E12000007,London,0.899870339,0.012323837,0.009997213,0.002411449,0.075397162
E14001154,Castle Point,E12000006,East of England,0.922570471,0.008423681,0.006045075,0.001392996,0.061567777
E14001155,Central Devon,E12000009,South West,0.90093357,0.010647327,0.010711622,0.002726127,0.074981354
E14001156,Central Suffolk & North Ipswich,E12000006,East of England,0.911581088,0.011160168,0.008856051,0.002059547,0.066343146
E14001157,Chatham & Aylesford,E12000008,South East,0.911357341,0.012387428,0.010420789,0.002722116,0.063112326
E14001158,Cheadle,E12000002,North West,0.920775946,0.01214355,0.007112835,0.001720013,0.058247656
E14001159,Chelmsford,E12000006,East of England,0.905815453,0.013065199,0.011315499,0.002774197,0.067029653
E14001160,Chelsea & Fulham,E12000007,London,0.860526083,0.028307167,0.014561057,0.003259792,0.093345901
E14001161,Cheltenham,E12000009,South West,0.889752225,0.016754871,0.019184508,0.00476305,0.069545345
E14001162,Chesham & Amersham,E12000008,South East,0.91227162,0.008649099,0.007942019,0.002373767,0.068763494
E14001163,Chester North & Neston,E12000002,North West,0.895156952,0.0180285,0.01541368,0.003753331,0.067647537
E14001164,Chester South & Eddisbury,E12000002,North West,0.918106329,0.011800093,0.009139287,0.002326598,0.058627693
E14001165,Chesterfield,E12000004,East Midlands,0.905572256,0.014798281,0.011895393,0.00216749,0.065566579
E14001166,Chichester,E12000008,South East,0.902006173,0.014422204,0.012947077,0.003109114,0.067515432
E14001167,Chingford & Woodford Green,E12000007,London,0.894491906,0.012398831,0.008689299,0.003383543,0.081036421
E14001168,Chippenham,E12000009,South West,0.906045012,0.012474425,0.012276025,0.002765206,0.066439333
E14001169,Chipping Barnet,E12000007,London,0.892500305,0.009936015,0.008560941,0.002960844,0.086041895
E14001170,Chorley,E12000002,North West,0.916172116,0.01366057,0.009992567,0.001840095,0.058334653
E14001171,Christchurch,E12000009,South West,0.909710842,0.010889676,0.007387535,0.001651953,0.070359994
E14001172,Cities of London & Westminster,E12000007,London,0.826384515,0.041128858,0.016648962,0.004662837,0.111174828
E14001173,City of Durham,E12000001,North East,0.87671026,0.017340705,0.023450022,0.004541337,0.077957676
E14001174,Clacton,E12000006,East of England,0.901384643,0.010993227,0.007576575,0.001654379,0.078391177
E14001175,Clapham & Brixton Hill,E12000007,London,0.831517953,0.055401356,0.022558636,0.006104101,0.084417954
E14001176,Colchester,E12000006,East of England,0.887735208,0.016779479,0.017973319,0.004446781,0.073065212
E14001177,Colne Valley,E12000003,Yorkshire and The Humber,0.913746879,0.013562886,0.010040741,0.002602182,0.060047312
E14001178,Congleton,E12000002,North West,0.922812252,0.011719958,0.007459377,0.001599398,0.056409016
E14001179,Corby & East Northamptonshire,E12000004,East Midlands,0.907499142,0.011687253,0.009381969,0.003055841,0.068375793
E14001180,Coventry East,E12000005,West Midlands,0.889559114,0.010122834,0.010517657,0.004299188,0.085501206
E14001181,Coventry North West,E12000005,West Midlands,0.891236958,0.013024267,0.013093668,0.003712957,0.078932149
E14001182,Coventry South,E12000005,West Midlands,0.861163454,0.012998922,0.020576588,0.00580417,0.099456867
E14001183,Cramlington & Killingworth,E12000001,North East,0.926713325,0.014963375,0.009331728,0.001806141,0.04718543
E14001184,Crawley,E12000008,South East,0.898780579,0.014951533,0.010879672,0.003227565,0.072160651
E14001185,Crewe & Nantwich,E12000002,North West,0.901610996,0.014916215,0.011513488,0.00462994,0.067329362
E14001186,Croydon East,E12000007,London,0.887578706,0.012925014,0.011390956,0.002999428,0.085105896
E14001187,Croydon South,E12000007,London,0.894988714,0.013172663,0.00907779,0.003058821,0.079702012
E14001188,Croydon West,E12000007,London,0.861041251,0.017061997,0.014818371,0.004946414,0.102131967
E14001189,Dagenham & Rainham,E12000007,London,0.896801177,0.008386757,0.008189163,0.003732326,0.082890577
E14001190,Darlington,E12000001,North East,0.912350949,0.015563026,0.011823367,0.002744935,0.057517722
E14001191,Dartford,E12000008,South East,0.910868172,0.01176317,0.00917551,0.00200603,0.066187119
E14001192,Daventry,E12000004,East Midlands,0.914924771,0.011287254,0.009638554,0.002513403,0.061636018
E14001193,Derby North,E12000004,East Midlands,0.878220917,0.017229538,0.01842554,0.004748484,0.081375521
E14001194,Derby South,E12000004,East Midlands,0.871674577,0.01012322,0.012931598,0.004974529,0.100296077
E14001195,Derbyshire Dales,E12000004,East Midlands,0.912390703,0.011389341,0.008135243,0.001772557,0.066312155
E14001196,Dewsbury & Batley,E12000003,Yorkshire and The Humber,0.891396297,0.00876059,0.00786947,0.002598055,0.089375588
E14001197,Didcot & Wantage,E12000008,South East,0.907933491,0.012309173,0.011534716,0.003097828,0.065124793
E14001198,Doncaster Central,E12000003,Yorkshire and The Humber,0.900648114,0.014330757,0.010422369,0.003426682,0.071172079
E14001199,Doncaster East & the Isle of Axholme,E12000003,Yorkshire and The Humber,0.916931751,0.01176714,0.007939587,0.001926708,0.061434815
E14001200,Doncaster North,E12000003,Yorkshire and The Humber,0.913179343,0.013468872,0.009361887,0.002130021,0.061859878
E14001201,Dorking & Horley,E12000008,South East,0.913948935,0.011579807,0.008636228,0.00221741,0.06361762
E14001202,Dover & Deal,E12000008,South East,0.901694075,0.016693014,0.011573036,0.002300451,0.067739424
E14001203,Droitwich & Evesham,E12000005,West Midlands,0.916620495,0.010809982,0.008676278,0.001933301,0.061959943
E14001204,Dudley,E12000005,West Midlands,0.906549979,0.011556586,0.008065924,0.002081931,0.071745581
E14001205,Dulwich & West Norwood,E12000007,London,0.84338862,0.035498733,0.021607924,0.007348537,0.092156185
E14001206,Dunstable & Leighton Buzzard,E12000006,East of England,0.908970516,0.011860784,0.009827839,0.002265282,0.067075579
E14001207,Ealing Central & Acton,E12000007,London,0.849380241,0.026294203,0.016469194,0.005495808,0.102360554
E14001208,Ealing North,E12000007,London,0.876968864,0.008453879,0.008730732,0.003707842,0.102138683
E14001209,Ealing Southall,E12000007,London,0.862323282,0.010982386,0.01430825,0.006279955,0.106106126
E14001210,Earley & Woodley,E12000008,South East,0.893588401,0.011344698,0.012761297,0.003487929,0.078817675
E14001211,Easington,E12000001,North East,0.925159465,0.012678621,0.008775491,0.001715805,0.051670618
E14001212,East Grinstead & Uckfield,E12000008,South East,0.91075804,0.011026034,0.009341501,0.002386422,0.066488004
E14001213,East Ham,E12000007,London,0.857239499,0.007815024,0.014115509,0.007714055,0.113115913
E14001214,East Hampshire,E12000008,South East,0.915812776,0.010750408,0.009332043,0.00205464,0.062050133
E14001215,East Surrey,E12000008,South East,0.913304171,0.010634286,0.008195691,0.002162053,0.065703799
E14001216,East Thanet,E12000008,South East,0.893359242,0.017558851,0.014761141,0.00382783,0.070492935
E14001217,East Wiltshire,E12000009,South West,0.916388454,0.010360588,0.010471462,0.00194646,0.060833036
E14001218,East Worthing & Shoreham,E12000008,South East,0.897070874,0.020094172,0.01284168,0.003130924,0.066862349
E14001219,Eastbourne,E12000008,South East,0.880781782,0.020525918,0.014803254,0.003428869,0.080460178
E14001220,Eastleigh,E12000008,South East,0.916710623,0.011802405,0.010945247,0.002386855,0.058154869
E14001221,Edmonton & Winchmore Hill,E12000007,London,0.880365982,0.006826666,0.007019395,0.005548568,0.10023939
E14001222,Ellesmere Port & Bromborough,E12000002,North West,0.91769191,0.014474024,0.009524425,0.002442492,0.055867149
E14001223,Eltham & Chislehurst,E12000007,London,0.890993856,0.01781623,0.010350055,0.003317033,0.077522826
E14001224,Ely & East Cambridgeshire,E12000006,East of England,0.902745956,0.010897756,0.012374827,0.003489143,0.070492318
E14001225,Enfield North,E12000007,London,0.88624442,0.008958509,0.008660235,0.003918705,0.092218131
E14001226,Epping Forest,E12000006,East of England,0.911262388,0.010463774,0.007565188,0.002297219,0.068411431
E14001227,Epsom & Ewell,E12000008,South East,0.909385151,0.011073992,0.00886613,0.002254101,0.068420627
E14001228,Erewash,E12000004,East Midlands,0.906796487,0.014305715,0.012803869,0.002405498,0.063688431
E14001229,Erith & Thamesmead,E12000007,London,0.881691365,0.014239513,0.011903268,0.005077955,0.087087899
E14001230,Esher & Walton,E12000008,South East,0.912635128,0.011320238,0.00773757,0.00208989,0.066217174
E14001231,Exeter,E12000009,South West,0.851399775,0.020419307,0.031419568,0.006905025,0.089856325
E14001232,Exmouth & Exeter East,E12000009,South West,0.905866932,0.013047067,0.010607569,0.002670097,0.067808336
E14001233,Fareham & Waterlooville,E12000008,South East,0.914307131,0.013359286,0.009321276,0.002236623,0.060775685
E14001234,Farnham & Bordon,E12000008,South East,0.906845605,0.01083477,0.011610441,0.002881064,0.067828121
E14001235,Faversham & Mid Kent,E12000008,South East,0.915050611,0.012189316,0.008431048,0.002242433,0.06208659
E14001236,Feltham & Heston,E12000007,London,0.876354543,0.007885332,0.012043575,0.004570235,0.099146315
E14001237,Filton & Bradley Stoke,E12000009,South West,0.897448592,0.01478343,0.015646948,0.003384991,0.06873604
E14001238,Finchley & Golders Green,E12000007,London,0.860269949,0.015665431,0.01296794,0.005574815,0.105521865
E14001239,Folkestone & Hythe,E12000008,South East,0.902609421,0.01536717,0.011613357,0.002763223,0.067646829
E14001240,Forest of Dean,E12000009,South West,0.906947697,0.010018215,0.009549831,0.002823315,0.070660942
E14001241,Frome & East Somerset,E12000009,South West,0.90423889,0.011009932,0.010756983,0.002635993,0.071358202
E14001242,Fylde,E12000002,North West,0.917549556,0.014671419,0.007787325,0.001867493,0.058124207
E14001243,Gainsborough,E12000004,East Midlands,0.912143886,0.010895119,0.010136758,0.002085493,0.064738745
E14001244,Gateshead Central & Whickham,E12000001,North East,0.899801587,0.021775794,0.013653274,0.003546627,0.061222718
E14001245,Gedling,E12000004,East Midlands,0.910166083,0.014873963,0.010742976,0.00234852,0.061868459
E14001246,Gillingham & Rainham,E12000008,South East,0.906499013,0.011733314,0.011063187,0.003240978,0.067463509
E14001247,Glastonbury & Somerton,E12000009,South West,0.897354264,0.011695298,0.010603737,0.002352054,0.077994646
E14001248,Gloucester,E12000009,South West,0.895555674,0.014565438,0.0141066,0.003702716,0.072069573
E14001249,Godalming & Ash,E12000008,South East,0.914519876,0.010761611,0.009459494,0.002208492,0.063050527
E14001250,Goole & Pocklington,E12000003,Yorkshire and The Humber,0.917087768,0.009151666,0.007917472,0.001630068,0.064213027
E14001251,Gorton & Denton,E12000002,North West,0.87908244,0.017351451,0.014626938,0.00469863,0.084240542
E14001252,Gosport,E12000008,South East,0.91158617,0.01475449,0.012014729,0.002651786,0.058992824
E14001253,Grantham & Bourne,E12000004,East Midlands,0.909731201,0.010995777,0.010244665,0.001883935,0.067144423
E14001254,Gravesham,E12000008,South East,0.909975755,0.010549347,0.009709656,0.003287801,0.066477441
E14001255,Great Grimsby & Cleethorpes,E12000003,Yorkshire and The Humber,0.899816688,0.014084834,0.013063857,0.002900501,0.070134119
E14001256,Great Yarmouth,E12000006,East of England,0.894800469,0.013056251,0.010626337,0.003542112,0.07797483
E14001257,Greenwich & Woolwich,E12000007,London,0.853673116,0.035383567,0.018562215,0.006166431,0.086214671
E14001258,Guildford,E12000008,South East,0.877538984,0.014803369,0.019556961,0.004470499,0.083630187
E14001259,Hackney North & Stoke Newington,E12000007,London,0.769908852,0.034727388,0.026456319,0.008770664,0.160136778
E14001260,Hackney South & Shoreditch,E12000007,London,0.816405754,0.046773852,0.029553628,0.009170721,0.098096044
E14001261,Halesowen,E12000005,West Midlands,0.902132391,0.013278388,0.008778127,0.002524856,0.073286238
E14001262,Halifax,E12000003,Yorkshire and The Humber,0.900374946,0.012658823,0.010860494,0.002585832,0.073519905
E14001263,Hamble Valley,E12000008,South East,0.922463724,0.011523873,0.009825998,0.002155458,0.054030947
E14001264,Hammersmith & Chiswick,E12000007,London,0.844338364,0.034226465,0.017677856,0.004732574,0.099024741
E14001265,Hampstead & Highgate,E12000007,London,0.845527288,0.031585966,0.019798933,0.005549856,0.097537957
E14001266,"Harborough, Oadby & Wigston",E12000004,East Midlands,0.906540708,0.010131968,0.008809884,0.002283599,0.072233841
E14001267,Harlow,E12000006,East of England,0.91036733,0.011778215,0.008890506,0.002762651,0.066201298
E14001268,Harpenden & Berkhamsted,E12000006,East of England,0.920761818,0.010383578,0.007874436,0.002215519,0.058764648
E14001269,Harrogate & Knaresborough,E12000003,Yorkshire and The Humber,0.902171073,0.012826908,0.009263878,0.002363477,0.073374664
E14001270,Harrow East,E12000007,London,0.864191373,0.004593114,0.008302938,0.005860897,0.117051678
E14001271,Harrow West,E12000007,London,0.867936449,0.008244262,0.010605684,0.005137128,0.108076477
E14001272,Hartlepool,E12000001,North East,0.911415794,0.015009506,0.010497282,0.002102134,0.060975283
E14001273,Harwich & North Essex,E12000006,East of England,0.90035709,0.011935626,0.012314729,0.002947219,0.072445336
E14001274,Hastings & Rye,E12000008,South East,0.874121119,0.022626156,0.01713963,0.003953526,0.08215957
E14001275,Havant,E12000008,South East,0.913379688,0.012922109,0.009432756,0.00219842,0.062067026
E14001276,Hayes & Harlington,E12000007,London,0.878685564,0.007543026,0.010211307,0.004392402,0.099167701
E14001277,Hazel Grove,E12000002,North West,0.916043814,0.012847938,0.009471649,0.002113402,0.059523196
E14001278,Hemel Hempstead,E12000006,East of England,0.904338506,0.011071594,0.010730555,0.002862293,0.070997052
E14001279,Hendon,E12000007,London,0.868134942,0.011422067,0.009811015,0.005614563,0.105017413
E14001280,Henley & Thame,E12000008,South East,0.916566519,0.00994656,0.008271753,0.002160628,0.06305454
E14001281,Hereford & South Herefordshire,E12000005,West Midlands,0.891343671,0.011202455,0.009780317,0.002769427,0.08490413
E14001282,Herne Bay & Sandwich,E12000008,South East,0.906903652,0.013595366,0.010067074,0.002119384,0.067314524
E14001283,Hertford & Stortford,E12000006,East of England,0.910715755,0.013055383,0.00991786,0.002549971,0.063761031
E14001284,Hertsmere,E12000006,East of England,0.905698371,0.009620933,0.007901647,0.002802671,0.073976377
E14001285,Hexham,E12000001,North East,0.921901178,0.010322963,0.007294378,0.001778488,0.058702992
E14001286,Heywood & Middleton North,E12000002,North West,0.912849502,0.012408426,0.008669421,0.002471546,0.063601105
E14001287,High Peak,E12000004,East Midlands,0.909595559,0.01371927,0.011697066,0.002854877,0.062133228
E14001288,Hinckley & Bosworth,E12000004,East Midlands,0.918143356,0.012042431,0.009442639,0.002256423,0.058115151
E14001289,Hitchin,E12000006,East of England,0.912984459,0.013193784,0.011405011,0.002435775,0.059980971
E14001290,Holborn & St Pancras,E12000007,London,0.806587838,0.043578887,0.030866093,0.008007196,0.110959986
E14001291,Honiton & Sidmouth,E12000009,South West,0.903205942,0.010917395,0.00851839,0.002142426,0.075215846
E14001292,Hornchurch & Upminster,E12000007,London,0.913340975,0.009065333,0.007062392,0.002315538,0.068215762
E14001293,Hornsey & Friern Barnet,E12000007,London,0.84969793,0.029923271,0.021931121,0.007058156,0.091389523
E14001294,Horsham,E12000008,South East,0.910859552,0.013747617,0.010858368,0.002320872,0.062213591
E14001295,Houghton & Sunderland South,E12000001,North East,0.927656121,0.013419892,0.007351872,0.001671431,0.049900683
E14001296,Hove & Portslade,E12000008,South East,0.833843716,0.050096362,0.027194154,0.008974071,0.079891696
E14001297,Huddersfield,E12000003,Yorkshire and The Humber,0.878948427,0.014251224,0.01531308,0.004515682,0.086971587
E14001298,Huntingdon,E12000006,East of England,0.908925976,0.012913986,0.011313823,0.002670693,0.064175522
E14001299,Hyndburn,E12000002,North West,0.904167277,0.012273945,0.009728534,0.002118955,0.071711289
E14001300,Ilford North,E12000007,London,0.884881858,0.005251934,0.008148455,0.004466796,0.097250958
E14001301,Ilford South,E12000007,London,0.8718478,0.005246888,0.010087041,0.004840153,0.107978118
E14001302,Ipswich,E12000006,East of England,0.881355196,0.015962013,0.016516174,0.006095772,0.080070846
E14001303,Isle of Wight East,E12000008,South East,0.89438773,0.012731617,0.011545338,0.002639889,0.078695427
E14001304,Isle of Wight West,E12000008,South East,0.895081363,0.013192259,0.012070582,0.002712114,0.076943682
E14001305,Islington North,E12000007,London,0.824949022,0.042767582,0.027550002,0.007939607,0.096793787
E14001306,Islington South & Finsbury,E12000007,London,0.82135507,0.04933215,0.026946047,0.006708769,0.095657964
E14001307,Jarrow & Gateshead East,E12000001,North East,0.920916935,0.015782672,0.01024764,0.00220618,0.050846573
E14001308,Keighley & Ilkley,E12000003,Yorkshire and The Humber,0.89887528,0.011985337,0.010346424,0.002639777,0.076153182
E14001309,Kenilworth & Southam,E12000005,West Midlands,0.912195935,0.011098864,0.010701561,0.002511983,0.063491657
E14001310,Kensington & Bayswater,E12000007,London,0.838621592,0.030586696,0.014316249,0.003629226,0.112846238
E14001311,Kettering,E12000004,East Midlands,0.90369778,0.012209545,0.010621403,0.002860908,0.070610365
E14001312,Kingston & Surbiton,E12000007,London,0.877166315,0.017030797,0.016923752,0.004249671,0.084629465
E14001313,Kingston upon Hull East,E12000003,Yorkshire and The Humber,0.89880181,0.014304927,0.010881526,0.002274117,0.073737621
E14001314,Kingston upon Hull North & Cottingham,E12000003,Yorkshire and The Humber,0.868698836,0.017589361,0.020887366,0.005518022,0.087306416
E14001315,Kingston upon Hull West & Haltemprice,E12000003,Yorkshire and The Humber,0.895718505,0.015325938,0.012535175,0.002790763,0.073629619
E14001316,Kingswinford & South Staffordshire,E12000005,West Midlands,0.924849069,0.009397213,0.005314378,0.001111066,0.059328273
E14001317,Knowsley,E12000002,North West,0.919190573,0.014996801,0.007705023,0.001479684,0.056627919
E14001318,Lancaster & Wyre,E12000002,North West,0.867426551,0.020309643,0.02468609,0.005814946,0.08176277
E14001319,Leeds Central & Headingley,E12000003,Yorkshire and The Humber,0.797073335,0.030204951,0.055096361,0.010679796,0.106945557
E14001320,Leeds East,E12000003,Yorkshire and The Humber,0.900581395,0.012585499,0.010522116,0.003602371,0.072708618
E14001321,Leeds North East,E12000003,Yorkshire and The Humber,0.890624391,0.016996946,0.014761874,0.00414528,0.073471509
E14001322,Leeds North West,E12000003,Yorkshire and The Humber,0.91299444,0.012433157,0.010920478,0.002693629,0.060958295
E14001323,Leeds South,E12000003,Yorkshire and The Humber,0.872820672,0.02200083,0.01817144,0.005469074,0.081537983
E14001324,Leeds South West & Morley,E12000003,Yorkshire and The Humber,0.906845865,0.019697281,0.011975125,0.003212212,0.058269517
E14001325,Leeds West & Pudsey,E12000003,Yorkshire and The Humber,0.89591814,0.019945311,0.016146794,0.003860383,0.064129372
E14001326,Leicester East,E12000004,East Midlands,0.870708088,0.004482092,0.013939718,0.003885851,0.106984251
E14001327,Leicester South,E12000004,East Midlands,0.84367651,0.014588666,0.023703981,0.006024849,0.112005994
E14001328,Leicester West,E12000004,East Midlands,0.864179196,0.014881806,0.017094105,0.004742103,0.09910279
E14001329,Leigh & Atherton,E12000002,North West,0.916950887,0.015825375,0.009868122,0.002023647,0.055331969
E14001330,Lewes,E12000008,South East,0.892744282,0.018985754,0.012602829,0.003398375,0.07226876
E14001331,Lewisham East,E12000007,London,0.861150691,0.021221934,0.015144646,0.005926166,0.096556563
E14001332,Lewisham North,E12000007,London,0.818216499,0.039086907,0.031838662,0.010176412,0.100681521
E14001333,Lewisham West & East Dulwich,E12000007,London,0.851062761,0.030928094,0.022938546,0.007386563,0.087684036
E14001334,Leyton & Wanstead,E12000007,London,0.86063549,0.025345719,0.015929484,0.005827088,0.092262219
E14001335,Lichfield,E12000005,West Midlands,0.925611039,0.011694881,0.008088751,0.001414905,0.053190424
E14001336,Lincoln,E12000004,East Midlands,0.855123639,0.020606492,0.031637326,0.007031648,0.085600895
E14001337,Liverpool Garston,E12000002,North West,0.913744832,0.015437752,0.008608509,0.002171752,0.060037155
E14001338,Liverpool Riverside,E12000002,North West,0.836925988,0.029776161,0.032269829,0.006170102,0.09485792
E14001339,Liverpool Walton,E12000002,North West,0.91415151,0.015894235,0.009443334,0.002391494,0.058119428
E14001340,Liverpool Wavertree,E12000002,North West,0.854270604,0.025071724,0.025843693,0.006348585,0.088465394
E14001341,Liverpool West Derby,E12000002,North West,0.909749529,0.015589637,0.008812634,0.002604595,0.063243605
E14001342,Loughborough,E12000004,East Midlands,0.885730055,0.014150168,0.017309002,0.003569835,0.07924094
E14001343,Louth & Horncastle,E12000004,East Midlands,0.900889299,0.011444261,0.008492079,0.001955972,0.077218389
E14001344,Lowestoft,E12000006,East of England,0.898643753,0.013130299,0.011350781,0.002351506,0.074523661
E14001345,Luton North,E12000006,East of England,0.890875212,0.006143422,0.006651609,0.003218521,0.093111237
E14001346,Luton South & South Bedfordshire,E12000006,East of England,0.872042361,0.010204507,0.01288332,0.005076195,0.099793617
E14001347,Macclesfield,E12000002,North West,0.917336582,0.011304828,0.009219716,0.002361453,0.05977742
E14001348,Maidenhead,E12000008,South East,0.909273063,0.011902916,0.007919375,0.001896356,0.069008289
E14001349,Maidstone & Malling,E12000008,South East,0.908751389,0.012132113,0.011272898,0.003230648,0.064612952
E14001350,Makerfield,E12000002,North West,0.925127174,0.013084112,0.007547616,0.001431444,0.052809653
E14001351,Maldon,E12000006,East of England,0.923907165,0.009038353,0.006862898,0.001634596,0.058556988
E14001352,Manchester Central,E12000002,North West,0.832486755,0.050536277,0.025447063,0.006073498,0.085456407
E14001353,Manchester Rusholme,E12000002,North West,0.803899789,0.036314447,0.044309784,0.010348847,0.105127134
E14001354,Manchester Withington,E12000002,North West,0.843278058,0.037411212,0.036424314,0.007362776,0.07552364
E14001355,Mansfield,E12000004,East Midlands,0.909175399,0.013290272,0.010711215,0.002404796,0.064418318
E14001356,Melksham & Devizes,E12000009,South West,0.912339006,0.010810531,0.009698443,0.002211245,0.064940775
E14001357,Melton & Syston,E12000004,East Midlands,0.914024296,0.010912647,0.009226849,0.001840222,0.063995985
E14001358,Meriden & Solihull East,E12000005,West Midlands,0.918434075,0.010648293,0.007779518,0.001678672,0.061459443
E14001359,Mid Bedfordshire,E12000006,East of England,0.921521178,0.010946159,0.009253454,0.001767936,0.056511272
E14001360,Mid Buckinghamshire,E12000008,South East,0.919107127,0.008824907,0.008229827,0.002430964,0.061407174
E14001361,Mid Cheshire,E12000002,North West,0.916219147,0.014477415,0.010100218,0.002626318,0.056576901
E14001362,Mid Derbyshire,E12000004,East Midlands,0.913737889,0.01185593,0.009130429,0.001894223,0.063381529
E14001363,Mid Dorset & North Poole,E12000009,South West,0.920188682,0.009497143,0.008374639,0.001601776,0.06033776
E14001364,Mid Leicestershire,E12000004,East Midlands,0.913885938,0.011855322,0.007955862,0.001702241,0.064600637
E14001365,Mid Norfolk,E12000006,East of England,0.904386728,0.011184292,0.010041009,0.00177706,0.072610911
E14001366,Mid Sussex,E12000008,South East,0.909307001,0.014831017,0.011290792,0.002579307,0.061991883
E14001367,Middlesbrough & Thornaby East,E12000001,North East,0.884228996,0.017431592,0.015011812,0.004862497,0.078465102
E14001368,Middlesbrough South & East Cleveland,E12000001,North East,0.919245712,0.012395274,0.007294447,0.001691466,0.0593731
E14001369,Milton Keynes Central,E12000008,South East,0.892802887,0.012000285,0.013346112,0.003752001,0.078098714
E14001370,Milton Keynes North,E12000008,South East,0.903262092,0.013030675,0.011880537,0.003399856,0.06842684
E14001371,Mitcham & Morden,E12000007,London,0.869721718,0.014468643,0.012008469,0.004043154,0.099758016
E14001372,Morecambe & Lunesdale,E12000002,North West,0.908378975,0.011771307,0.009331658,0.002049305,0.068468754
E14001373,New Forest East,E12000008,South East,0.918287475,0.010128122,0.007880367,0.001983314,0.061720723
E14001374,New Forest West,E12000008,South East,0.908429417,0.009519511,0.007960281,0.001381423,0.072709368
E14001375,Newark,E12000004,East Midlands,0.910123813,0.012289684,0.010754905,0.002393797,0.064437801
E14001376,Newbury,E12000008,South East,0.906947656,0.011446765,0.011130905,0.002792202,0.067682472
E14001377,Newcastle upon Tyne Central & West,E12000001,North East,0.873322354,0.021333788,0.021078237,0.005536941,0.07872868
E14001378,Newcastle upon Tyne East & Wallsend,E12000001,North East,0.875548576,0.023035005,0.024189355,0.005230974,0.07199609
E14001379,Newcastle upon Tyne North,E12000001,North East,0.89021405,0.020723188,0.019650143,0.003576818,0.065835802
E14001380,Newcastle-under-Lyme,E12000005,West Midlands,0.896038072,0.014586396,0.015411798,0.003353195,0.070610539
E14001381,Newton Abbot,E12000009,South West,0.903559361,0.013261858,0.010340184,0.002413557,0.07042504
E14001382,Newton Aycliffe & Spennymoor,E12000001,North East,0.921382356,0.013440998,0.00969241,0.001964157,0.053520078
E14001383,Normanton & Hemsworth,E12000003,Yorkshire and The Humber,0.914719529,0.01366873,0.00923176,0.001872592,0.060507389
E14001384,North Bedfordshire,E12000006,East of England,0.917367746,0.010730073,0.010052759,0.00278055,0.059068872
E14001385,North Cornwall,E12000009,South West,0.897715145,0.010902785,0.009132143,0.002364898,0.07988503
E14001386,North Cotswolds,E12000009,South West,0.914149694,0.012157536,0.008446012,0.002255767,0.06299099
E14001387,North Devon,E12000009,South West,0.902631611,0.011108002,0.009818354,0.002481963,0.07396007
E14001388,North Dorset,E12000009,South West,0.907813602,0.009332735,0.00873021,0.001602461,0.072520992
E14001389,North Durham,E12000001,North East,0.925663402,0.013541151,0.00936194,0.00201974,0.049413767
E14001390,North East Cambridgeshire,E12000006,East of England,0.900143814,0.011009996,0.010432384,0.003041305,0.075372501
E14001391,North East Derbyshire,E12000004,East Midlands,0.921443737,0.011275957,0.007754648,0.001346383,0.058179276
E14001392,North East Hampshire,E12000008,South East,0.924258813,0.010828949,0.00816166,0.002163332,0.054587246
E14001393,North East Hertfordshire,E12000006,East of England,0.9119976,0.01109778,0.01010198,0.002303539,0.0644991
E14001394,North East Somerset & Hanham,E12000009,South West,0.908980074,0.011988672,0.011760074,0.00278127,0.06448991
E14001395,North Herefordshire,E12000005,West Midlands,0.902886764,0.009652861,0.008262745,0.001883802,0.077313828
E14001396,North Norfolk,E12000006,East of England,0.892735671,0.013512262,0.009409616,0.00231601,0.082026442
E14001397,North Northumberland,E12000001,North East,0.917081619,0.01203469,0.007768425,0.002126765,0.0609885
E14001398,North Shropshire,E12000005,West Midlands,0.903351677,0.010092984,0.009215333,0.001482518,0.075857488
E14001399,North Somerset,E12000009,South West,0.916300241,0.010715529,0.009065002,0.002140527,0.0617787
E14001400,North Warwickshire & Bedworth,E12000005,West Midlands,0.917702752,0.01153566,0.008245331,0.001937783,0.060578474
E14001401,North West Cambridgeshire,E12000006,East of England,0.907351225,0.012857699,0.011235206,0.002678224,0.065877646
E14001402,North West Essex,E12000006,East of England,0.918023991,0.010278301,0.00813202,0.002122433,0.061443255
E14001403,North West Hampshire,E12000008,South East,0.912954417,0.012313429,0.011968192,0.002566257,0.060197705
E14001404,North West Leicestershire,E12000004,East Midlands,0.914256363,0.012352171,0.010199714,0.002348136,0.060843617
E14001405,North West Norfolk,E12000006,East of England,0.899179748,0.011207407,0.009339506,0.00229717,0.07797617
E14001406,Northampton North,E12000004,East Midlands,0.871310576,0.014219021,0.015539013,0.00528967,0.093641719
E14001407,Northampton South,E12000004,East Midlands,0.896568275,0.012079034,0.011210532,0.003428297,0.076713863
E14001408,Norwich North,E12000006,East of England,0.888757425,0.016064306,0.017149897,0.004086213,0.073942159
E14001409,Norwich South,E12000006,East of England,0.83614082,0.025423351,0.041744652,0.009848485,0.086842692
E14001410,Nottingham East,E12000004,East Midlands,0.825264132,0.022272768,0.03217834,0.00738487,0.112899891
E14001411,Nottingham North & Kimberley,E12000004,East Midlands,0.895287958,0.013515434,0.012283528,0.002925778,0.075987302
E14001412,Nottingham South,E12000004,East Midlands,0.854281362,0.016581438,0.027885975,0.005026657,0.096224568
E14001413,Nuneaton,E12000005,West Midlands,0.910804083,0.01351755,0.011003236,0.002364949,0.062310182
E14001414,Old Bexley & Sidcup,E12000007,London,0.912265301,0.010631553,0.007607901,0.002706657,0.066788588
E14001415,Oldham East & Saddleworth,E12000002,North West,0.903785377,0.012154552,0.008566404,0.002459425,0.073034242
E14001416,"Oldham West, Chadderton & Royton",E12000002,North West,0.904244088,0.009830143,0.007601351,0.002850507,0.075473911
E14001417,Orpington,E12000007,London,0.909638554,0.010835716,0.007364203,0.00174852,0.070413008
E14001418,Ossett & Denby Dale,E12000003,Yorkshire and The Humber,0.914800769,0.01348122,0.010065458,0.002181932,0.059470622
E14001419,Oxford East,E12000008,South East,0.825257954,0.019979897,0.02825699,0.008707871,0.117797288
E14001420,Oxford West & Abingdon,E12000008,South East,0.832247575,0.021347676,0.032149579,0.006559093,0.107696077
E14001421,Peckham,E12000007,London,0.822469368,0.041260668,0.026622315,0.015265551,0.094382098
E14001422,Pendle & Clitheroe,E12000002,North West,0.904149129,0.009843833,0.007900366,0.002633455,0.075473217
E14001423,Penistone & Stocksbridge,E12000003,Yorkshire and The Humber,0.920555346,0.010577388,0.007728079,0.001827859,0.059311327
E14001424,Penrith & Solway,E12000002,North West,0.914790137,0.010493167,0.007514226,0.00172657,0.065475901
E14001425,Peterborough,E12000006,East of England,0.882834843,0.010009533,0.011777089,0.005094137,0.090284398
